Annual summary output from Biome-BGC version 4.2
ann PRCP = annual total precipitation (mm/yr)
ann Tavg = annual average air temperature (deg C)
max LAI = annual maximum value of projected leaf area index (m2/m2)
ann ET = annual total evapotranspiration (mm/yr)
ann OF = annual total outflow (mm/yr)
ann NPP = annual total net primary production (gC/m2/yr)
ann NPB = annual total net biome production (gC/m2/yr)

  year  ann PRCP  ann Tavg   max LAI    ann ET    ann OF   ann NPP   ann NBP
  1950    1920.2       0.8       5.5     925.4     570.2     709.4     -23.8
  1951    1623.4       0.2       6.0    1031.6     938.1     928.3      80.7
  1952     665.3       2.8       6.3     674.7     251.6     512.3    -110.8
  1953    1363.4       3.6       6.4     951.8     359.2     541.2    -136.4
  1954    1576.0       2.0       6.4    1051.0     531.5     975.5     238.0
  1955    1116.8       1.2       6.5     796.0     124.9     494.9    -135.0
  1956    1201.8       1.3       6.5     887.9     281.5     750.2     114.8
  1957     903.5       1.8       6.5     812.5     243.5     683.2      65.4
  1958    1055.7       3.2       6.5     887.3     117.1     598.0     -32.3
  1959    1077.8       1.9       6.4     872.1     222.1     688.1      28.0
  1960     832.8       2.5       6.2     680.2     235.1     515.4    -137.9
  1961    1122.8       3.0       6.0     777.5     222.2     528.4    -146.7
  1962     985.0       1.8       5.8     727.0     271.0     670.4      26.9
  1963     782.4       3.1       5.7     689.2     228.0     481.9    -178.6
  1964    1411.3       1.7       5.5     794.2     451.8     666.1      55.7
  1965    1022.5       1.3       5.6     788.0     361.6     767.0     177.8
  1966     918.8       2.4       5.8     701.6     206.9     582.8     -18.6
  1967    1081.0       2.6       5.9     725.8     335.1     533.7    -163.5
  1968    1044.1       2.6       5.8     835.4     202.3     723.9      74.2
  1969     749.8       2.2       5.9     655.0     219.4     523.3    -105.9
  1970    1188.7       1.8       5.9     779.0     251.1     666.8      89.7
  1971    1157.2       1.5       6.1     817.6     348.6     794.4     179.7
  1972    1302.3       2.2       6.5    1032.2     393.5     990.1     316.6
  1973     756.5       2.1       6.6     524.5      63.8     338.8    -244.8
  1974    1139.9       2.9       6.5     879.8     288.1     779.3     158.4
  1975    1033.8       0.7       6.4     882.9     257.7     714.7     112.8
  1976     720.0       3.5       6.4     674.6     142.5     582.9     -46.9
  1977     788.1       2.2       6.1     533.0       0.0     331.8    -163.7
  1978     922.3       2.0       5.7     802.8     280.6     739.9      78.3
  1979    1038.2       2.9       5.7     671.8     210.6     476.0    -134.0
  1980    1165.0       3.7       5.7     946.5     336.5     753.0      86.1
  1981     883.0       4.6       5.8     768.5     145.2     444.6    -204.5
  1982    1132.0       2.0       5.7     810.8     295.0     680.9      32.2
  1983     863.0       3.8       5.6     748.1     180.4     584.2     -39.5
  1984    1157.0       3.8       5.5     759.0     136.9     440.2    -241.2
  1985    1053.0       1.7       5.4     849.1     316.6     676.5     -42.9
  1986    1043.0       4.2       5.4     740.5     336.8     575.7     -70.3
  1987     800.0       4.6       5.6     773.1     171.5     715.8     136.2
  1988     911.0       4.2       5.6     658.1     120.5     502.2     -86.7
  1989    1378.0       2.6       5.7     997.1     311.2     776.2     139.6
  1990    1376.0       3.0       6.0     863.8     342.4     675.2     -19.0
  1991    1071.0       3.5       6.3     865.7     452.4     677.6       4.3
  1992     900.0       4.1       6.3     783.5     104.9     748.3     189.2
  1993    1024.0       2.2       6.5     985.3     103.2     852.9     282.0
  1994    1001.0       3.9       6.7     711.3     153.6     492.0    -115.9
  1995    1255.0       3.0       6.5    1021.2     238.1     630.0     -50.8
  1996    1352.0       1.7       6.3     839.7     357.2     678.4      18.8
  1997    1238.0       3.4       6.5    1153.8     383.0     962.2     285.1
  1998    1074.0       4.7       6.7     867.9      80.5     483.8    -165.9
  1999    1061.0       4.6       6.7     912.7     249.7     775.8     110.9
  2000     682.0       3.9       6.6     645.9     133.6     587.5     -27.9
  2001     779.0       4.6       6.4     655.3      43.4     430.9    -142.4
  2002    1143.0       2.4       6.1     916.1     303.8     755.0     132.4
  2003     697.0       4.0       5.9     566.6     108.3     406.4    -214.2
  2004    1162.4       4.2       5.7     932.3      88.0     786.3     107.5
  2005    1119.1       3.5       5.8     900.9     196.6     649.3    -113.8
  2006    1128.7       3.5       6.0     922.7     205.4     806.0      90.3
  2007    1137.2       3.5       6.3    1015.6     160.7     797.9     120.1
  2008    1146.1       3.5       6.6     979.8     142.9     772.3     115.4
  2009    1154.2       3.5       6.8    1055.8     138.5     668.6      21.3
  2010    1163.8       3.5       6.8     966.3     133.3     639.9      -4.5
  2011    1172.9       3.5       6.8    1072.3     159.1     757.9     101.9
  2012    1181.6       3.6       6.8    1073.6     109.5     795.5     168.0
  2013    1191.1       3.6       6.9    1012.5     160.0     698.3      71.3
  2014    1200.2       3.6       7.0    1033.6     170.8     812.1     176.6
  2015    1148.0       3.6       7.0     952.0     174.6     599.5      -0.1
  2016    1217.5       3.6       6.9    1080.9     213.1     715.1      81.2
  2017    1214.2       3.6       6.8    1036.7     121.9     710.6      37.0
  2018    1235.6       3.6       6.8    1011.6     196.5     759.4      81.3
  2019    1244.9       3.6       6.8    1017.1     241.3     714.5      45.6
  2020    1343.8       4.7       6.9    1169.5     203.4     769.6     125.0
  2021    1034.7       5.6       6.8     952.4     124.0     454.4    -213.5
  2022    1255.6       2.9       6.6     979.2     245.8     699.3      21.0
  2023     962.5       4.8       6.3     882.8     138.7     633.7     -16.5
  2024    1313.8       4.8       6.1     897.7     109.8     512.9    -219.9
  2025    1222.4       2.7       6.0    1035.9     344.5     827.3      56.0
  2026    1189.7       5.1       6.0     890.8     322.4     649.1     -18.6
  2027     895.8       5.6       6.3     903.8     169.6     772.4     136.2
  2028    1038.9       5.2       6.3     755.7     113.8     539.1     -96.7
  2029    1563.2       3.6       6.4    1173.0     305.0     873.8     200.0
  2030    1559.5       4.0       6.7    1041.7     339.7     774.6      18.4
  2031    1216.2       4.4       7.0    1029.6     461.9     708.7       4.0
  2032    1013.1       5.1       7.0     883.7     100.1     808.9     215.4
  2033    1143.8       3.2       7.1    1161.5     106.2     907.8     325.1
  2034    1147.3       4.9       7.3     866.5     129.0     539.2     -96.6
  2035    1454.0       4.0       7.1    1263.3     196.1     705.8     -28.0
  2036    1545.8       2.7       6.9    1002.5     328.2     728.5      19.5
  2037    1398.8       4.4       7.1    1377.9     392.3    1115.7     398.4
  2038    1223.3       5.7       7.3    1017.9      54.4     391.2    -267.0
  2039    1199.5       5.6       7.2    1089.1     233.0     850.3     113.7
  2040    1203.7       4.6       6.9     912.2     184.0     621.4     -82.3
  2041    1209.5       4.6       6.9    1078.5     264.9     882.5     127.4
  2042    1214.9       4.5       6.8     918.6     236.8     622.8    -102.7
  2043    1219.0       4.5       6.7     901.4     303.8     557.5    -166.5
  2044    1224.5       4.5       6.5     965.2     268.1     691.9     -26.0
  2045    1228.8       4.4       6.3     920.7     292.1     609.8    -102.6
  2046    1234.8       4.4       6.2     968.8     264.2     674.2      -2.9
  2047    1238.3       4.4       6.3    1026.7     291.5     803.2     103.5
  2048    1244.6       4.4       6.4     890.3     236.0     635.1     -72.4
  2049    1249.6       4.3       6.5     981.7     313.5     728.9      41.8
  2050    1254.0       4.3       6.6     983.0     237.7     827.8     159.3
  2051    1259.6       4.3       6.9     983.8     274.0     869.8     169.9
  2052    1265.4       4.2       7.2    1087.2     199.4     801.2     116.6
  2053    1270.1       4.2       7.4    1112.6     181.7     733.9      77.3
  2054    1216.4       4.2       7.4    1034.0     203.5     685.8      22.1
  2055    1280.6       4.1       7.3     988.4     188.0     721.7      31.3
  2056    1285.1       4.1       7.3    1092.9     235.8    1054.0     343.9
  2057    1290.8       4.1       7.6    1101.5     198.0     835.8     147.6
  2058    1295.7       4.0       7.8    1183.8     146.1     779.2     127.4
  2059    1300.2       4.0       7.7    1129.9     146.7     666.9     -21.8
  2060    1305.3       4.0       7.5    1127.0     200.1     659.8      -4.9
  2061    1310.4       3.9       7.3    1061.6     202.4     810.0     148.6
  2062    1315.3       3.9       7.3    1153.9     216.1     952.3     309.9
  2063    1321.2       3.9       7.5    1062.6     180.4     831.6     177.4
  2064    1326.2       3.9       7.8    1149.3     199.9     983.9     371.3
  2065    1260.6       3.8       8.0    1027.9     185.4     761.9     130.7
  2066    1335.7       3.8       8.1    1257.0     180.1     774.8     148.5
  2067    1329.4       3.8       7.9    1145.8     131.5     727.1      73.7
  2068    1345.8       3.7       7.9    1112.0     196.2     879.7     206.4
  2069    1350.3       3.7       7.8    1142.5     234.5     872.6     144.7
  2070    1355.6       6.6       7.8    1266.2     164.7     543.5    -231.3
  2071    1048.7       7.5       7.3    1004.9      94.0     384.8    -328.9
  2072    1360.0       4.9       6.7    1040.6     276.2     600.6    -116.4
  2073    1013.5       6.7       6.2     923.7     124.3     705.9     -17.3
  2074    1379.2       6.7       6.1    1049.3      87.3     667.1    -131.8
  2075    1254.1       4.6       6.2    1106.4     282.1     893.7      77.0
  2076    1267.7       7.1       6.3     972.5     273.9     727.2      13.3
  2077     900.8       7.6       6.6     892.6     201.0     608.0     -78.0
  2078    1102.5       7.1       6.5     799.6     127.2     513.7    -172.0
  2079    1626.5       5.6       6.4    1228.8     333.5     927.6     176.9
  2080    1626.6       5.9       6.6    1097.3     395.8     722.5     -63.1
  2081    1271.4       6.4       6.9    1086.6     431.4     654.2     -88.0
  2082    1040.4       7.0       6.7     854.5     117.7     793.1     132.3
  2083    1144.1       5.1       6.9    1125.3     158.2    1016.6     396.5
  2084    1209.7       6.8       7.1     939.6     146.5     486.2    -238.7
  2085    1460.0       6.0       7.0    1285.3     198.4     651.7     -98.9
  2086    1630.0       4.6       6.7    1021.8     356.9     653.5     -74.3
  2087    1447.2       6.3       6.7    1323.5     463.1    1003.6     241.6
  2088    1260.0       7.6       6.9    1032.8     133.4     475.2    -216.9
  2089    1260.6       7.6       6.7    1095.4     251.2     635.3    -103.1
