1950    311.17
1951    311.62
1952    312.08
1953    312.56
1954    313.07
1955    313.60
1956    314.15
1957    314.74
1958    315.35
1959    315.98
1960    316.67
1961    317.42
1962    318.12
1963    318.80
1964    319.44
1965    320.23
1966    321.03
1967    322.04
1968    323.13
1969    324.29
1970    325.38
1971    326.32
1972    327.65
1973    328.96
1974    330.19
1975    331.02
1976    332.23
1977    333.68
1978    335.25
1979    336.84
1980    338.32
1981    339.75
1982    341.11
1983    342.60
1984    344.19
1985    345.65
1986    347.15
1987    349.01
1988    350.94
1989    352.70
1990    354.09
1991    355.27
1992    356.26
1993    357.39
1994    358.86
1995    360.90
1996    362.58
1997    363.84
1998    366.58
1999    368.28
2000    369.40
2001    371.03
2002    373.08
2003    375.61
2004    377.43
2005    383.61
2006    385.57
2007    387.55
2008    389.53
2009    391.52
2010    393.52
2011    395.53
2012    397.56
2013    399.59
2014    401.63
2015    403.68
2016    405.75
2017    407.82
2018    409.91
2019    412.00
2020    414.11
2021    416.23
2022    418.36
2023    420.50
2024    422.65
2025    424.81
2026    426.98
2027    429.16
2028    431.36
2029    433.56
2030    435.78
2031    438.01
2032    440.25
2033    442.50
2034    444.76
2035    447.03
2036    449.32
2037    451.62
2038    453.93
2039    456.25
2040    458.58
2041    460.92
2042    463.28
2043    465.65
2044    468.03
2045    470.42
2046    472.83
2047    475.25
2048    477.68
2049    480.12
2050    482.57
2051    485.04
2052    487.52
2053    490.01
2054    492.52
2055    495.04
2056    497.57
2057    500.11
2058    502.67
2059    505.24
2060    507.82
2061    510.42
2062    513.03
2063    515.65
2064    518.29
2065    520.94
2066    523.60
2067    526.28
2068    528.97
2069    531.68
2070    534.39
2071    537.13
2072    539.87
2073    542.63
2074    545.41
2075    548.20
2076    551.00
2077    553.82
2078    556.65
2079    559.49
2080    562.36
2081    565.23
2082    568.12
2083    571.03
2084    573.94
2085    576.88
2086    579.83
2087    582.79
2088    585.77
2089    588.77
2090    591.78